6.000000000000000000e+00 1.850010000000000000e+05 1.796294250000000545e+02 2.000000000000000000e+06 3.812100000000000000e+04 1.468800000000000000e+05 9.074995000000000145e-01 9.074995000000000145e-01 9.074995000000000145e-01 9.074995000000000145e-01 9.074995000000000145e-01 9.074995000000000145e-01 9.074995000000000145e-01 9.074995000000000145e-01 9.074995000000000145e-01 9.074995000000000145e-01 9.074995000000000145e-01 9.074995000000000145e-01 9.074995000000000145e-01 9.074995000000000145e-01 9.074995000000000145e-01 9.074995000000000145e-01
7.000000000000000000e+00 1.534080000000000000e+05 1.624237975000000631e+02 2.000000000000000000e+06 3.425100000000000000e+04 1.191570000000000000e+05 9.232960000000000056e-01 9.232960000000000056e-01 9.232960000000000056e-01 9.232960000000000056e-01 9.232960000000000056e-01 9.232960000000000056e-01 9.232960000000000056e-01 9.232960000000000056e-01 9.232960000000000056e-01 9.232960000000000056e-01 9.232960000000000056e-01 9.232960000000000056e-01 9.232960000000000056e-01 9.232960000000000056e-01 9.232960000000000056e-01 9.232960000000000056e-01
8.000000000000000000e+00 1.288780000000000000e+05 1.483300399999999968e+02 2.000000000000000000e+06 3.080600000000000000e+04 9.807200000000000000e+04 9.355609999999999760e-01 9.355609999999999760e-01 9.355609999999999760e-01 9.355609999999999760e-01 9.355609999999999760e-01 9.355609999999999760e-01 9.355609999999999760e-01 9.355609999999999760e-01 9.355609999999999760e-01 9.355609999999999760e-01 9.355609999999999760e-01 9.355609999999999760e-01 9.355609999999999760e-01 9.355609999999999760e-01 9.355609999999999760e-01 9.355609999999999760e-01
9.000000000000000000e+00 1.098710000000000000e+05 1.366149580000000014e+02 2.000000000000000000e+06 2.831900000000000000e+04 8.155200000000000000e+04 9.450644999999999740e-01 9.450644999999999740e-01 9.450644999999999740e-01 9.450644999999999740e-01 9.450644999999999740e-01 9.450644999999999740e-01 9.450644999999999740e-01 9.450644999999999740e-01 9.450644999999999740e-01 9.450644999999999740e-01 9.450644999999999740e-01 9.450644999999999740e-01 9.450644999999999740e-01 9.450644999999999740e-01 9.450644999999999740e-01 9.450644999999999740e-01
1.000000000000000000e+01 9.491300000000000000e+04 1.267597529999999750e+02 2.000000000000000000e+06 2.563900000000000000e+04 6.927400000000000000e+04 9.525434999999999874e-01 9.525434999999999874e-01 9.525434999999999874e-01 9.525434999999999874e-01 9.525434999999999874e-01 9.525434999999999874e-01 9.525434999999999874e-01 9.525434999999999874e-01 9.525434999999999874e-01 9.525434999999999874e-01 9.525434999999999874e-01 9.525434999999999874e-01 9.525434999999999874e-01 9.525434999999999874e-01 9.525434999999999874e-01 9.525434999999999874e-01
1.100000000000000000e+01 8.259800000000000000e+04 1.183095750000000095e+02 2.000000000000000000e+06 2.348200000000000000e+04 5.911600000000000000e+04 9.587010000000000254e-01 9.587010000000000254e-01 9.587010000000000254e-01 9.587010000000000254e-01 9.587010000000000254e-01 9.587010000000000254e-01 9.587010000000000254e-01 9.587010000000000254e-01 9.587010000000000254e-01 9.587010000000000254e-01 9.587010000000000254e-01 9.587010000000000254e-01 9.587010000000000254e-01 9.587010000000000254e-01 9.587010000000000254e-01 9.587010000000000254e-01
1.200000000000000000e+01 7.259000000000000000e+04 1.108825809999999308e+02 2.000000000000000000e+06 2.155200000000000000e+04 5.103800000000000000e+04 9.637050000000000338e-01 9.637050000000000338e-01 9.637050000000000338e-01 9.637050000000000338e-01 9.637050000000000338e-01 9.637050000000000338e-01 9.637050000000000338e-01 9.637050000000000338e-01 9.637050000000000338e-01 9.637050000000000338e-01 9.637050000000000338e-01 9.637050000000000338e-01 9.637050000000000338e-01 9.637050000000000338e-01 9.637050000000000338e-01 9.637050000000000338e-01
1.300000000000000000e+01 6.478900000000000000e+04 1.044962409999999835e+02 2.000000000000000000e+06 1.994100000000000000e+04 4.484800000000000000e+04 9.676055000000000073e-01 9.676055000000000073e-01 9.676055000000000073e-01 9.676055000000000073e-01 9.676055000000000073e-01 9.676055000000000073e-01 9.676055000000000073e-01 9.676055000000000073e-01 9.676055000000000073e-01 9.676055000000000073e-01 9.676055000000000073e-01 9.676055000000000073e-01 9.676055000000000073e-01 9.676055000000000073e-01 9.676055000000000073e-01 9.676055000000000073e-01
1.400000000000000000e+01 5.769700000000000000e+04 9.877744149999996637e+01 2.000000000000000000e+06 1.858500000000000000e+04 3.911200000000000000e+04 9.711514999999999453e-01 9.711514999999999453e-01 9.711514999999999453e-01 9.711514999999999453e-01 9.711514999999999453e-01 9.711514999999999453e-01 9.711514999999999453e-01 9.711514999999999453e-01 9.711514999999999453e-01 9.711514999999999453e-01 9.711514999999999453e-01 9.711514999999999453e-01 9.711514999999999453e-01 9.711514999999999453e-01 9.711514999999999453e-01 9.711514999999999453e-01
1.500000000000000000e+01 5.160100000000000000e+04 9.363629999999999143e+01 2.000000000000000000e+06 1.709200000000000000e+04 3.450900000000000000e+04 9.741994999999999960e-01 9.741994999999999960e-01 9.741994999999999960e-01 9.741994999999999960e-01 9.741994999999999960e-01 9.741994999999999960e-01 9.741994999999999960e-01 9.741994999999999960e-01 9.741994999999999960e-01 9.741994999999999960e-01 9.741994999999999960e-01 9.741994999999999960e-01 9.741994999999999960e-01 9.741994999999999960e-01 9.741994999999999960e-01 9.741994999999999960e-01
1.600000000000000000e+01 4.649600000000000000e+04 8.912630250000007948e+01 2.000000000000000000e+06 1.577600000000000000e+04 3.072000000000000000e+04 9.767519999999999536e-01 9.767519999999999536e-01 9.767519999999999536e-01 9.767519999999999536e-01 9.767519999999999536e-01 9.767519999999999536e-01 9.767519999999999536e-01 9.767519999999999536e-01 9.767519999999999536e-01 9.767519999999999536e-01 9.767519999999999536e-01 9.767519999999999536e-01 9.767519999999999536e-01 9.767519999999999536e-01 9.767519999999999536e-01 9.767519999999999536e-01
1.700000000000000000e+01 4.289200000000000000e+04 8.501259150000008447e+01 2.000000000000000000e+06 1.492100000000000000e+04 2.797100000000000000e+04 9.785540000000000349e-01 9.785540000000000349e-01 9.785540000000000349e-01 9.785540000000000349e-01 9.785540000000000349e-01 9.785540000000000349e-01 9.785540000000000349e-01 9.785540000000000349e-01 9.785540000000000349e-01 9.785540000000000349e-01 9.785540000000000349e-01 9.785540000000000349e-01 9.785540000000000349e-01 9.785540000000000349e-01 9.785540000000000349e-01 9.785540000000000349e-01
1.800000000000000000e+01 3.890600000000000000e+04 8.127103850000000307e+01 2.000000000000000000e+06 1.397700000000000000e+04 2.492900000000000000e+04 9.805469999999999464e-01 9.805469999999999464e-01 9.805469999999999464e-01 9.805469999999999464e-01 9.805469999999999464e-01 9.805469999999999464e-01 9.805469999999999464e-01 9.805469999999999464e-01 9.805469999999999464e-01 9.805469999999999464e-01 9.805469999999999464e-01 9.805469999999999464e-01 9.805469999999999464e-01 9.805469999999999464e-01 9.805469999999999464e-01 9.805469999999999464e-01
1.900000000000000000e+01 3.606200000000000000e+04 7.793380449999995108e+01 2.000000000000000000e+06 1.313800000000000000e+04 2.292400000000000000e+04 9.819689999999999808e-01 9.819689999999999808e-01 9.819689999999999808e-01 9.819689999999999808e-01 9.819689999999999808e-01 9.819689999999999808e-01 9.819689999999999808e-01 9.819689999999999808e-01 9.819689999999999808e-01 9.819689999999999808e-01 9.819689999999999808e-01 9.819689999999999808e-01 9.819689999999999808e-01 9.819689999999999808e-01 9.819689999999999808e-01 9.819689999999999808e-01
2.000000000000000000e+01 3.264400000000000000e+04 7.469305899999997678e+01 2.000000000000000000e+06 1.223700000000000000e+04 2.040700000000000000e+04 9.836780000000000523e-01 9.836780000000000523e-01 9.836780000000000523e-01 9.836780000000000523e-01 9.836780000000000523e-01 9.836780000000000523e-01 9.836780000000000523e-01 9.836780000000000523e-01 9.836780000000000523e-01 9.836780000000000523e-01 9.836780000000000523e-01 9.836780000000000523e-01 9.836780000000000523e-01 9.836780000000000523e-01 9.836780000000000523e-01 9.836780000000000523e-01
2.100000000000000000e+01 3.055900000000000000e+04 7.173952200000003643e+01 2.000000000000000000e+06 1.157700000000000000e+04 1.898200000000000000e+04 9.847204999999999986e-01 9.847204999999999986e-01 9.847204999999999986e-01 9.847204999999999986e-01 9.847204999999999986e-01 9.847204999999999986e-01 9.847204999999999986e-01 9.847204999999999986e-01 9.847204999999999986e-01 9.847204999999999986e-01 9.847204999999999986e-01 9.847204999999999986e-01 9.847204999999999986e-01 9.847204999999999986e-01 9.847204999999999986e-01 9.847204999999999986e-01
2.200000000000000000e+01 2.845400000000000000e+04 6.925356000000002155e+01 2.000000000000000000e+06 1.095900000000000000e+04 1.749500000000000000e+04 9.857730000000000103e-01 9.857730000000000103e-01 9.857730000000000103e-01 9.857730000000000103e-01 9.857730000000000103e-01 9.857730000000000103e-01 9.857730000000000103e-01 9.857730000000000103e-01 9.857730000000000103e-01 9.857730000000000103e-01 9.857730000000000103e-01 9.857730000000000103e-01 9.857730000000000103e-01 9.857730000000000103e-01 9.857730000000000103e-01 9.857730000000000103e-01
